1.0 1.0
0.999 1.0
0.994 0.999
0.971 0.999
0.918 0.993
0.857 0.991
0.826 0.988
0.8 0.988
0.758 0.981
0.731 0.98
0.707 0.979
0.687 0.977
0.657 0.975
0.629 0.971
0.615 0.969
0.602 0.964
0.591 0.963
0.576 0.959
0.564 0.958
0.553 0.956
0.54 0.955
0.522 0.949
0.505 0.946
0.494 0.945
0.485 0.942
0.472 0.939
0.46 0.936
0.447 0.934
0.43 0.933
0.412 0.928
0.406 0.927
0.397 0.923
0.385 0.92
0.375 0.915
0.366 0.911
0.346 0.908
0.334 0.905
0.322 0.9
0.308 0.896
0.295 0.891
0.285 0.886
0.279 0.882
0.267 0.878
0.262 0.874
0.252 0.867
0.247 0.86
0.239 0.855
0.232 0.85
0.227 0.84
0.213 0.837
0.209 0.826
0.2 0.818
0.197 0.812
0.191 0.805
0.187 0.799
0.183 0.791
0.174 0.786
0.165 0.775
0.16 0.765
0.153 0.756
0.145 0.752
0.137 0.743
0.133 0.737
0.125 0.726
0.119 0.717
0.112 0.707
0.103 0.7
0.096 0.693
0.092 0.674
0.085 0.657
0.08 0.644
0.076 0.631
0.07 0.619
0.063 0.611
0.06 0.595
0.055 0.573
0.05 0.559
0.047 0.548
0.042 0.526
0.039 0.506
0.035 0.489
0.029 0.466
0.026 0.439
0.024 0.414
0.02 0.391
0.017 0.36
0.016 0.332
0.014 0.299
0.011 0.277
0.008 0.247
0.006 0.218
0.004 0.193
0.002 0.164
0.002 0.134
0.0 0.11
0.0 0.08
0.0 0.054
0.0 0.039
0.0 0.019
0.0 0.007
0.0 0.0
