1.0 1.0
1.0 1.0
1.0 1.0
1.0 1.0
0.982 1.0
0.917 0.996
0.883 0.992
0.854 0.991
0.827 0.99
0.808 0.988
0.781 0.988
0.761 0.987
0.735 0.985
0.725 0.982
0.703 0.978
0.677 0.976
0.651 0.974
0.633 0.973
0.616 0.97
0.601 0.969
0.589 0.963
0.573 0.962
0.562 0.958
0.545 0.954
0.533 0.95
0.517 0.947
0.509 0.943
0.494 0.937
0.482 0.929
0.463 0.923
0.448 0.916
0.437 0.909
0.42 0.906
0.409 0.905
0.393 0.894
0.383 0.888
0.372 0.884
0.368 0.877
0.36 0.874
0.35 0.873
0.342 0.869
0.331 0.867
0.318 0.859
0.307 0.852
0.295 0.847
0.282 0.842
0.274 0.832
0.263 0.827
0.254 0.818
0.246 0.81
0.238 0.806
0.232 0.797
0.224 0.787
0.213 0.782
0.204 0.773
0.193 0.763
0.185 0.751
0.179 0.742
0.172 0.729
0.165 0.721
0.162 0.709
0.155 0.701
0.147 0.691
0.139 0.681
0.133 0.668
0.122 0.653
0.113 0.64
0.107 0.628
0.101 0.609
0.099 0.594
0.097 0.576
0.09 0.562
0.083 0.544
0.078 0.529
0.074 0.512
0.069 0.497
0.061 0.477
0.058 0.463
0.052 0.446
0.049 0.417
0.043 0.4
0.039 0.379
0.035 0.355
0.03 0.336
0.026 0.315
0.025 0.296
0.022 0.277
0.02 0.26
0.015 0.234
0.012 0.209
0.01 0.189
0.009 0.174
0.007 0.144
0.004 0.126
0.002 0.099
0.0 0.071
0.0 0.057
0.0 0.037
0.0 0.023
0.0 0.006
0.0 0.0
