1.0 1.0
1.0 1.0
1.0 1.0
0.978 0.999
0.913 0.997
0.882 0.994
0.849 0.991
0.818 0.988
0.793 0.987
0.766 0.983
0.736 0.98
0.71 0.978
0.682 0.976
0.664 0.975
0.65 0.973
0.641 0.971
0.626 0.968
0.616 0.967
0.605 0.963
0.583 0.961
0.567 0.958
0.557 0.955
0.546 0.954
0.535 0.95
0.525 0.949
0.51 0.947
0.5 0.946
0.483 0.941
0.474 0.939
0.458 0.937
0.445 0.931
0.43 0.925
0.409 0.922
0.397 0.92
0.386 0.915
0.375 0.908
0.366 0.904
0.358 0.9
0.349 0.89
0.336 0.883
0.325 0.876
0.314 0.871
0.306 0.866
0.297 0.857
0.291 0.852
0.284 0.849
0.274 0.843
0.261 0.836
0.249 0.828
0.239 0.82
0.23 0.816
0.222 0.809
0.214 0.8
0.207 0.794
0.2 0.789
0.188 0.779
0.184 0.771
0.176 0.762
0.168 0.746
0.159 0.734
0.153 0.724
0.149 0.718
0.141 0.707
0.132 0.695
0.13 0.69
0.126 0.672
0.118 0.661
0.11 0.649
0.105 0.631
0.095 0.62
0.088 0.602
0.086 0.59
0.08 0.577
0.075 0.559
0.072 0.541
0.066 0.523
0.062 0.509
0.057 0.49
0.051 0.473
0.048 0.459
0.048 0.442
0.045 0.42
0.04 0.395
0.031 0.372
0.025 0.345
0.019 0.326
0.015 0.288
0.014 0.264
0.012 0.246
0.011 0.223
0.011 0.198
0.01 0.174
0.007 0.155
0.005 0.123
0.002 0.102
0.0 0.074
0.0 0.052
0.0 0.039
0.0 0.015
0.0 0.003
0.0 0.0
