1.0 1.0
1.0 1.0
1.0 1.0
0.992 1.0
0.941 0.998
0.887 0.994
0.858 0.992
0.835 0.99
0.805 0.987
0.77 0.984
0.746 0.981
0.723 0.977
0.697 0.975
0.673 0.973
0.655 0.971
0.631 0.967
0.617 0.967
0.596 0.965
0.582 0.963
0.566 0.961
0.554 0.958
0.541 0.956
0.531 0.954
0.519 0.951
0.509 0.948
0.498 0.948
0.482 0.945
0.461 0.939
0.445 0.935
0.435 0.932
0.421 0.928
0.41 0.925
0.401 0.921
0.392 0.92
0.379 0.917
0.369 0.911
0.356 0.903
0.338 0.901
0.327 0.898
0.315 0.894
0.306 0.891
0.293 0.888
0.287 0.879
0.278 0.87
0.264 0.859
0.256 0.851
0.244 0.846
0.234 0.838
0.23 0.831
0.222 0.827
0.215 0.817
0.205 0.805
0.199 0.795
0.195 0.785
0.191 0.778
0.184 0.768
0.173 0.761
0.17 0.749
0.165 0.743
0.158 0.739
0.149 0.729
0.144 0.72
0.135 0.71
0.13 0.701
0.119 0.691
0.114 0.676
0.105 0.663
0.101 0.652
0.092 0.644
0.082 0.621
0.076 0.605
0.066 0.591
0.064 0.574
0.061 0.558
0.054 0.541
0.052 0.524
0.049 0.512
0.045 0.495
0.044 0.479
0.039 0.451
0.037 0.423
0.03 0.401
0.028 0.383
0.024 0.367
0.021 0.346
0.017 0.318
0.016 0.294
0.013 0.276
0.011 0.255
0.009 0.221
0.008 0.191
0.006 0.171
0.003 0.156
0.002 0.128
0.0 0.108
0.0 0.091
0.0 0.062
0.0 0.041
0.0 0.025
0.0 0.01
0.0 0.0
