1.0 1.0
1.0 1.0
1.0 1.0
0.999 1.0
0.988 0.999
0.926 0.998
0.874 0.995
0.844 0.992
0.815 0.99
0.791 0.989
0.769 0.988
0.745 0.985
0.723 0.983
0.697 0.979
0.68 0.977
0.661 0.975
0.642 0.971
0.626 0.969
0.609 0.966
0.588 0.965
0.567 0.961
0.553 0.959
0.539 0.957
0.521 0.952
0.514 0.949
0.504 0.945
0.494 0.943
0.48 0.94
0.469 0.938
0.458 0.933
0.444 0.93
0.434 0.923
0.422 0.921
0.407 0.916
0.395 0.911
0.383 0.91
0.369 0.905
0.36 0.897
0.349 0.894
0.339 0.888
0.326 0.882
0.314 0.875
0.305 0.87
0.295 0.86
0.286 0.853
0.275 0.846
0.266 0.841
0.258 0.831
0.246 0.822
0.235 0.812
0.23 0.809
0.224 0.802
0.215 0.798
0.204 0.792
0.195 0.779
0.191 0.77
0.18 0.756
0.172 0.749
0.162 0.735
0.158 0.721
0.148 0.713
0.145 0.7
0.14 0.686
0.134 0.683
0.123 0.67
0.116 0.663
0.109 0.654
0.097 0.639
0.097 0.624
0.093 0.612
0.086 0.599
0.082 0.579
0.076 0.562
0.075 0.547
0.074 0.524
0.072 0.506
0.063 0.485
0.057 0.454
0.047 0.435
0.043 0.411
0.034 0.391
0.031 0.378
0.028 0.358
0.027 0.338
0.023 0.312
0.02 0.297
0.017 0.272
0.015 0.241
0.011 0.217
0.01 0.202
0.009 0.183
0.008 0.165
0.005 0.148
0.003 0.124
0.001 0.106
0.0 0.082
0.0 0.06
0.0 0.035
0.0 0.024
0.0 0.01
0.0 0.0
